4 1 1
5 1 1
4 1 2
5 1 2
4 2 3
5 2 3
4 3 4
5 3 4
4 3 5
5 3 5
5 3 6
6 3 6
6 3 7
7 3 7
3 3 8
3 3 9
3 3 10
2 3 11
3 3 11
1 2 12
2 2 12
1 3 13
2 3 13
2 3 14
0 3 15
1 3 15
0 3 16
1 3 16
0 3 17
0 2 18
0 2 19
1 2 19
0 1 20
0 1 21
1 1 21
1 1 22
2 1 22
2 1 23
3 1 23
3 1 24
3 1 25
4 1 25
3 2 26
4 2 26
3 2 27
2 2 28
3 2 28
1 1 29
2 1 29
2 1 30
3 1 30
1 1 31
2 1 31
6 3 32
7 4 33
7 3 34
8 3 34
8 3 35
9 3 35
7 2 36
8 2 36
7 1 37
8 1 37
7 0 38
8 0 38
8 2 39
9 2 39
0 0 40
1 0 40
1 0 41
2 0 41
3 0 41
3 0 42
4 0 42
5 0 42
6 0 42
6 0 43
6 0 44
6 1 44
6 1 45
6 2 45
6 2 46
6 3 46
6 0 47
7 0 47
8 0 47
8 0 48
9 0 48
4 1 49
4 2 49
4 1 50
5 1 51
5 1 52
5 3 53
4 3 54
5 3 55
6 3 56
6 3 57
6 4 57
4 2 58
3 2 59
3 1 60
3 2 60
3 1 61
3 1 62
3 1 63
2 1 64
1 1 65
1 2 65
1 2 66
1 3 66
1 3 67
1 3 68
-1 0 69
-1 1 69
0 0 69
0 1 69
1 3 70
-1 1 71
-1 2 71
0 1 71
0 2 71
-1 2 72
-1 3 72
0 2 72
0 3 72
-1 3 73
-1 4 73
0 3 73
0 4 73
0 1 74
0 1 75
0 2 75
1 1 75
1 2 75
1 1 76
1 1 77
2 2 78
2 3 78
2 3 79
3 3 80
3 3 81
3 3 82
3 4 82
3 3 83
7 3 84
7 4 84
7 3 85
7 4 85
7 2 86
7 3 86
7 2 87
6 1 88
8 1 89
8 2 89
9 0 90
9 1 90
9 1 91
9 2 91
9 2 92
9 3 92
9 3 93
9 4 93
5 0 94
6 0 94
5 1 95
6 1 95
5 1 96
5 1 97
5 2 98
6 2 98
3 2 99
4 2 99
3 2 100
4 2 100
5 3 101
6 3 101
5 3 102
3 3 103
4 3 103
2 3 104
3 3 104
1 3 105
1 3 106
1 3 107
0 1 108
1 1 108
1 1 109
4 1 110
3 1 111
4 1 111
6 2 112
6 1 113
6 1 114
7 1 114
7 3 115
8 3 115
6 0 116
7 0 116
8 2 117
9 2 117
8 1 118
9 1 118
9 1 119
4 2 120
6 0 121
6 1 121
7 0 121
7 1 121
9 1 122
5 0 123
3 1 124
0 2 125
0 1 126
0 2 126
4 3 127
4 4 127
5 3 127
5 4 127
4 3 128
5 3 128
5 3 129
8 0 130
8 2 131
9 2 131
4 1 132
5 1 132
5 1 133
5 2 133
3 2 134
4 2 134
3 1 135
4 1 135
2 1 136
6 2 137
7 2 137
7 1 138
7 2 139
1 1 140
1 1 141
1 1 142
1 2 143
2 1 144
2 3 145
2 3 146
2 4 147
2 4 148
2 4 149
5 0 150
5 0 151
5 0 152
5 1 153
5 2 154
5 2 155
5 2 156
6 3 157
6 3 158
6 3 159
6 3 160
6 4 161
6 4 162
6 4 163
7 4 163
8 0 164
8 0 165
8 0 166
8 1 167
8 1 168
8 1 169
8 1 170
8 1 171
8 2 172
8 2 173
8 3 174
7 3 175
3 0 176
2 0 177
3 0 177
2 0 178
3 0 178
3 0 179
5 0 180
5 1 180
5 1 181
4 1 182
4 2 182
4 1 183
4 2 183
0 1 184
0 2 184
6 3 185
7 1 186
7 1 187
7 1 188
7 0 189
7 1 189
7 0 190
8 3 191
4 0 192
4 0 193
4 0 194
2 2 195
2 2 196
3 2 196
2 2 197
2 2 198
3 2 198
0 0 199
0 0 200
0 0 201
0 0 202
1 0 203
1 0 204
1 0 205
1 0 206
5 0 207
5 0 208
5 1 209
4 2 210
4 2 211
4 2 212
5 2 213
5 2 214
5 3 214
4 3 215
4 3 216
4 3 217
3 2 218
3 2 219
2 2 220
3 1 221
3 2 222
3 1 223
4 1 224
4 1 225
4 1 226
3 1 227
3 1 228
3 1 229
3 1 230
3 1 231
1 2 232
1 2 233
1 1 234
0 1 235
0 1 236
0 1 237
0 3 238
0 3 239
0 3 240
0 3 241
0 3 242
0 3 243
0 3 244
0 4 245
0 4 246
0 4 247
0 3 248
0 4 248
2 4 249
2 4 250
1 4 251
1 4 252
2 4 253
2 4 254
2 4 255
2 3 256
3 4 257
3 4 258
3 4 259
3 4 260
6 4 261
6 4 262
5 4 263
6 4 263
5 3 264
5 3 265
5 3 266
6 4 267
7 4 268
7 4 269
7 4 270
7 4 271
7 3 272
7 3 273
7 3 274
6 2 275
6 2 276
6 1 277
6 2 277
6 1 278
6 2 278
6 1 279
6 0 280
6 0 281
6 0 282
6 0 283
7 0 284
9 0 285
9 0 286
9 0 287
9 1 288
9 2 289
9 2 290
9 2 291
8 4 292
3 3 293
5 3 294
6 3 295
6 3 296
7 4 297
7 4 298
8 3 299
9 3 299
9 3 300
8 3 301
8 3 302
9 3 302
4 1 303
1 1 304
0 3 305
4 3 306
4 2 307
1 1 308
2 1 308
3 3 309
7 1 310
3 3 311
4 3 312
0 1 313
6 0 314
1 0 315
1 0 316
1 0 317
