step0 353.5 790.5 40 24
step1 303 742.5 40 24
step0 354 694 40 24
step1 290 645.5 40 24
step0 658 853 40 24
step0 561 262.5 40 24
step1 618 213.5 40 24
step0 657.083 181.583 40 24
step1 609.667 134 40 24
step0 544.667 101.667 40 24
step0 1297 1029.17 40 24
step1 1249 981.5 40 24
step0 1315 949.5 40 24
step0 1217.5 870 40 24
step0 1297.45 660.091 40 24
step0 1363.5 550.5 40 24
step1 1298 501.5 40 24
step0 1440.5 325.5 40 24
step0 1585 324.5 40 24
step1 1629.5 278.5 40 24
step0 1585.5 229.5 40 24
step1 1632.5 181 40 24
step0 1586 133.5 40 24
step1 1649.5 102 40 24
step0 1986.5 1029.5 40 24
step1 2050 982 40 24
step0 2113 948.5 40 24
step1 2066 901 40 24
step0 2113.5 870.5 40 24
step1 2050.5 821.5 40 24
step0 1987 772.5 40 24
step1 2039.5 724.5 40 24
step0 1986 549.5 40 24
step1 1953 497.5 40 24
step0 1978 373.333 40 24
step1 1818.33 309.667 40 24
spike1 767.5 1033 49 35
spike 700 1033 49 35
spike 700 1069 49 35
spike1 767.5 1069 49 35
spike 1341.5 902 49 35
spike 1341.5 866 49 35
spike 1013.5 670 49 35
spike 1064.17 670 49 35
spike 118.833 655.833 49 35
spike 1498.83 240.5 49 35
spike 1720 800.5 49 35
spike 1720 836.5 49 35
spike 1720 871.833 49 35
spike 1720 907.167 49 35
spike 1720 943.167 49 35
spike 1980.5 303.5 49 35
ball 978 1014 33 67
ball1 1042 1014 33 67
ball 1107.75 1014 33 67
ball1 578 500 33 67
ball 689 500 33 67
ball 578 613 33 67
ball1 689 613 33 67