Ground1 44 300 105 8
Ground1 256.5 300 105 8
Ground1 468.25 300 105 8
Ground1 680.5 300.25 105 8
Ground1 34.5 365 759.667 8
Ground0 795.5 108.667 34.3333 276.667
Ground0 -1.16665 116.333 34.3333 276.667
fire_step 49.3333 300 31 8
fire_step 81.5 300 31 8
fire_step 113.5 300 31 8
fire_step 262.083 300 31 8
fire_step 294.25 300 31 8
fire_step 326.25 300 31 8
fire_step 473.416 300 31 8
fire_step 505.583 300 31 8
fire_step 537.583 300 31 8
fire_step 685.417 300 31 8
fire_step 717.583 300 31 8
fire_step 749.583 300 31 8