Background_1 0 0 180 180
Background_1 180 0 180 180
Background_1 360 0 180 180
Background_1 540 0 180 180
Background_1 720 0 180 180
Background_1 900 0 180 180
Background_1 1080 0 180 180
Background_1 1260 0 180 180
Background_1 1440 0 180 180
Background_1 1620 0 180 180
Background_1 1800 0 180 180
Background_1 1980 0 180 180
Background_1 0 180 180 180
Background_1 2160 0 180 180
Background_1 360 180 180 180
Background_1 180 180 180 180
Background_1 540 180 180 180
Background_1 720 180 180 180
Background_1 900 180 180 180
Background_1 1080 180 180 180
Background_1 1260 180 180 180
Background_1 1440 180 180 180
Background_1 1620 180 180 180
Background_1 1980 180 180 180
Background_1 1800 180 180 180
Background_1 2160 180 180 180
Background_1 0 360 180 180
Background_1 360 360 180 180
Background_1 180 360 180 180
Background_1 540 360 180 180
Background_1 720 360 180 180
Background_1 900 360 180 180
Background_1 1080 360 180 180
Background_1 1260 360 180 180
Background_1 1440 360 180 180
Background_1 1620 360 180 180
Background_1 1800 360 180 180
Background_1 1980 360 180 180
Background_1 2160 360 180 180
Background_1 0 540 180 180
Background_1 360 540 180 180
Background_1 180 540 180 180
Background_1 540 540 180 180
Background_1 720 540 180 180
Background_1 900 540 180 180
Background_1 1080 540 180 180
Background_1 1260 540 180 180
Background_1 1440 540 180 180
Background_1 1620 540 180 180
Background_1 1800 540 180 180
Background_1 1980 540 180 180
Background_1 2160 540 180 180
Background_1 0 720 180 180
Background_1 360 720 180 180
Background_1 180 720 180 180
Background_1 540 720 180 180
Background_1 720 720 180 180
Background_1 900 720 180 180
Background_1 1080 720 180 180
Background_1 1260 720 180 180
Background_1 1440 720 180 180
Background_1 1620 720 180 180
Background_1 1800 720 180 180
Background_1 1980 720 180 180
Background_1 2160 720 180 180
Background_1 0 900 180 180
Background_1 360 900 180 180
Background_1 180 900 180 180
Background_1 540 900 180 180
Background_1 720 900 180 180
Background_1 900 900 180 180
Background_1 1080 900 180 180
Background_1 1260 900 180 180
Background_1 1440 900 180 180
Background_1 1620 900 180 180
Background_1 1800 900 180 180
Background_1 1980 900 180 180
Background_1 2160 900 180 180
Background_1 0 1080 180 180
Background_1 360 1080 180 180
Background_1 180 1080 180 180
Background_1 540 1080 180 180
Background_1 720 1080 180 180
Background_1 900 1080 180 180
Background_1 1080 1080 180 180
Background_1 1260 1080 180 180
Background_1 1440 1080 180 180
Background_1 1620 1080 180 180
Background_1 1800 1080 180 180
Background_1 1980 1080 180 180
Background_1 2160 1080 180 180
