jump_00	8	846	67	889
jump_01	75	828	127	890
jump_02	137	829	191	890
jump_03	203	824	257	893
jump_04	269	820	320	894
jump_05	336	829	374	895
jump_06	390	818	425	897
jump_07	448	808	482	901
jump_08	504	810	538	903
jump_09	564	812	598	905
jump_left_00	523	812	557	905
jump_left_01	583	810	617	903
jump_left_02	639	808	673	901
jump_left_03	696	818	731	897
jump_left_04	747	829	785	895
jump_left_05	801	820	852	894
jump_left_06	864	824	918	893
jump_left_07	930	829	984	890
jump_left_08	994	828	1046	890
jump_left_09	1054	846	1113	889
