Ground0 -1.33333 1108 433 18
Ground0 432.833 1108 433 18
Ground0 866.833 1108 621.667 18
Ground0 1490.5 969 80.3337 170
Ground0 1488.5 796.333 80.3337 170
Ground0 1488.5 625.667 80.3337 170
Ground0 1488.5 404.333 80.3337 220
Ground0 1570.67 1108 408.167 18
Ground0 1979.42 1108 291.167 18
Ground0 1121.83 500 15.0004 192.667
Ground0 1121.5 701 15.0004 215.334
Ground0 1251.17 713.666 14.3337 42.6673
Ground0 1329.5 776.666 14.3337 42.6673
Ground0 1248.83 336.666 14.3337 37.334
Ground0 1121.5 222 14.3337 102.667
Ground0 1391.5 232.666 16.3337 30.0007
Ground0 1520.83 300.666 14.3337 71.334
Ground0 1536.83 2.66633 14.3337 208.667
Ground0 961.166 473 16.3337 42.6674
Ground0 896.5 534 16.3337 54.6674
Ground0 943.833 686 16.3337 22.2507
Ground0 863.166 717.333 16.3337 22.6674
Ground0 911.833 856.666 16.3337 61.334
Ground0 767.833 720 16.3337 19.6674
Ground0 482.5 835.333 15.667 80.6674
Ground0 431.833 475.666 16.3337 238.667
Ground0 446.833 310.333 16.3337 151
Ground0 447.166 249.167 16.3337 44.3333
Ground0 368.5 247.833 16.3337 29
Ground0 -16.1669 824.167 16.3337 300.333
Ground0 243.166 244.834 14.667 109.666
Ground0 -16.8335 523.834 16.3337 300.333
Ground0 -16.8335 223.167 16.3337 300.333
Ground0 -16.8335 1.16683 16.3337 221
Ground0 129.833 720.167 16.3337 35.6667
Ground0 239.833 580.5 16.3337 175
Ground0 243.166 784.5 15.0004 84.3333
Ground0 337.166 884.333 16.3337 15.334
Ground0 623.833 440.666 16.3337 22.6674
Ground0 704.5 384 16.3337 37.3341
Ground0 767.166 353.333 16.3337 19.3341
Ground0 928.5 299.333 16.3337 16.6674
Ground0 767.166 36.333 16.3337 181.334
Ground0 854.5 324.333 16.3337 16.0007
Ground0 1711.83 125.333 14.3337 245.334
Ground0 1778.17 1.333 14.3337 245.334
Ground0 1778.17 299.333 14.3337 232.001
Ground0 1777.5 554.666 14.3337 54.6677
Ground0 1648.83 744.666 14.3337 28.6677
Ground0 1920.83 633.666 14.3337 218.001
Ground0 2270.83 837 14.3337 298.001
Ground0 2270.83 538.333 14.3337 298.001
Ground0 2270.83 239.666 14.3337 298.001
Ground0 2270.5 0.166167 14.3337 238.668